Упакованное внимание, RTX 5090 (170 SM), 16 слоёв, KV fp8; мкс на слой

Сегмент одной последовательности
  строк |  старт |            MMA |    упакованное |     P=1 |     P=2 |     P=3 |     P=4 |     P=5 |     P=6 |     P=7 |     P=8 |     P=9 |    P=10 |    P=11 |    P=12 |    P=13 |    P=14 |    P=15 |    P=16 |    P=17 |    P=18 |    P=19 |    P=20 |    P=21 |    P=22 |    P=23 |    P=24 |    P=25 |    P=26 |    P=27 |    P=28 |    P=29 |    P=30 |    P=31 |    P=32 |    P=33 |    P=34 |    P=35 |    P=36 |    P=37 |    P=38 |    P=39 |    P=40 |    P=41 |    P=42 |    P=43 |    P=44 |    P=45 |    P=46 |    P=47 |    P=48
     32 |   8192 |            NaN |    46.5 (P=13) |   487.0 |   245.5 |   165.8 |   130.5 |   103.2 |    89.5 |    79.1 |    74.2 |    65.8 |    58.2 |    55.8 |    49.5 |    46.6 |    47.3 |    58.3 |    56.8 |    74.4 |    74.4 |    67.9 |    68.3 |    68.0 |    64.9 |    61.9 |    62.3 |    62.4 |    57.8 |    58.6 |    56.3 |    55.9 |    59.2 |    56.9 |    52.4 |    69.7 |    63.8 |    66.6 |    66.7 |    67.2 |    70.3 |    67.8 |    67.7 |    71.2 |    65.1 |    72.8 |    69.6 |    69.7 |    72.2 |    72.4 |    72.0
     48 |   8192 |            NaN |     76.7 (P=8) |   488.6 |   245.6 |   168.4 |   128.2 |   103.8 |    89.9 |    79.6 |    73.3 |    79.4 |   110.1 |   101.2 |    95.8 |    89.2 |    89.4 |    83.3 |    82.5 |    76.0 |    75.8 |    94.4 |    95.3 |   101.9 |    90.6 |    90.7 |    90.8 |    91.0 |    96.3 |    95.8 |    89.4 |    96.8 |    96.4 |    96.2 |    98.4 |    90.7 |    92.3 |    90.3 |    91.3 |    91.4 |    91.2 |    96.1 |    91.4 |    92.0 |    91.6 |    98.4 |   105.0 |   100.1 |   100.3 |   102.3 |    99.5
     64 |   8192 |            NaN |     81.6 (P=7) |   488.5 |   248.5 |   166.2 |   131.5 |   104.9 |    91.1 |    81.4 |   115.4 |   124.6 |   110.8 |   104.0 |    97.5 |    90.7 |    90.9 |   100.6 |   100.0 |   111.7 |   115.7 |   105.4 |    99.4 |   108.1 |   101.6 |   105.4 |   105.7 |   108.9 |    98.5 |   105.1 |   108.6 |   102.5 |   105.9 |   111.2 |   108.3 |   107.2 |   114.0 |   113.6 |   110.9 |   110.9 |   111.2 |   111.5 |   111.7 |   111.4 |   108.9 |   119.7 |   116.9 |   117.5 |   117.0 |   119.7 |   118.8
     96 |   8192 |            NaN |    128.7 (P=9) |   494.3 |   248.3 |   171.3 |   133.2 |   201.3 |   185.9 |   161.5 |   148.0 |   132.4 |   170.1 |   160.0 |   147.7 |   137.5 |   137.9 |   142.9 |   142.3 |   149.5 |   149.8 |   138.5 |   141.5 |   135.5 |   144.9 |   145.2 |   145.5 |   145.2 |   149.2 |   149.1 |   146.3 |   148.9 |   149.9 |   149.8 |   149.7 |   151.4 |   152.2 |   152.8 |   152.4 |   155.9 |   161.6 |   157.1 |   164.3 |   162.4 |   162.7 |   173.6 |   176.0 |   177.3 |   174.4 |   176.9 |   177.2
    128 |   8192 |            NaN |    163.2 (P=7) |   508.1 |   252.1 |   173.2 |   241.1 |   208.8 |   178.2 |   154.3 |   185.1 |   186.3 |   170.5 |   187.1 |   190.6 |   182.5 |   186.2 |   184.4 |   187.2 |   187.6 |   191.1 |   200.4 |   200.6 |   199.7 |   194.3 |   195.7 |   196.8 |   196.7 |   197.4 |   196.7 |   195.4 |   196.9 |   197.3 |   201.4 |   200.9 |   205.9 |   202.8 |   202.0 |   202.8 |   208.7 |   199.8 |   210.5 |   211.5 |   206.5 |   212.4 |   218.5 |   222.3 |   223.1 |   222.8 |   222.5 |   223.5
    192 |   8192 |            NaN |    233.7 (P=7) |   497.2 |   252.2 |   332.1 |   262.1 |   294.5 |   262.1 |   230.7 |   263.1 |   254.4 |   276.8 |   257.6 |   273.0 |   268.5 |   266.0 |   264.7 |   266.4 |   259.7 |   255.5 |   263.0 |   264.3 |   264.1 |   276.0 |   275.2 |   276.5 |   275.8 |   284.9 |   291.7 |   298.9 |   290.0 |   294.5 |   290.7 |   292.9 |   302.6 |   299.5 |   302.2 |   302.9 |   309.4 |   309.9 |   312.8 |   324.0 |   334.4 |   346.3 |   359.2 |   371.4 |   369.5 |   372.3 |   375.4 |   375.9
    256 |   8192 |            NaN |    315.4 (P=7) |   504.6 |   494.9 |   340.3 |   381.0 |   317.9 |   366.2 |   320.5 |   344.0 |   350.9 |   348.1 |   365.3 |   345.5 |   350.4 |   348.7 |   346.2 |   342.4 |   355.4 |   353.9 |   354.5 |   364.9 |   368.2 |   378.6 |   377.7 |   381.1 |   383.3 |   376.6 |   381.7 |   388.8 |   393.1 |   402.3 |   407.2 |   419.2 |   442.1 |   444.2 |   452.6 |   448.9 |   453.8 |   442.7 |   445.5 |   451.5 |   451.8 |   456.4 |   479.8 |   492.2 |   497.2 |   496.6 |   495.2 |   488.2
    384 |   8192 |            NaN |    469.0 (P=7) |   513.6 |   511.4 |   518.5 |   528.8 |   532.0 |   521.3 |   482.4 |   494.5 |   494.6 |   490.1 |   505.5 |   489.9 |   512.5 |   530.0 |   535.5 |   539.3 |   538.9 |   531.5 |   545.3 |   551.3 |   552.1 |   583.0 |   597.9 |   602.1 |   609.7 |   620.1 |   609.2 |   617.3 |   615.6 |   644.9 |   648.5 |   650.2 |   676.2 |   660.3 |   659.4 |   667.7 |   686.6 |   696.5 |   706.3 |   713.1 |   699.8 |   705.9 |   732.0 |   747.0 |   767.6 |   816.3 |   762.4 |   755.9
    512 |   8192 |            NaN |    637.5 (P=6) |  1034.2 |   801.2 |   721.9 |   689.2 |   648.0 |   638.4 |   634.3 |   665.8 |   682.1 |   674.1 |   675.7 |   662.6 |   675.0 |   691.4 |   707.5 |   719.7 |   749.2 |   760.1 |   749.7 |   749.9 |   753.8 |   802.9 |   813.0 |   819.1 |   799.0 |   813.0 |   822.9 |   857.7 |   864.1 |   869.6 |   850.2 |   852.1 |   881.2 |   919.9 |   927.3 |   908.1 |   908.0 |   913.9 |   958.6 |   970.2 |   963.3 |   957.6 |   962.7 |  1016.8 |  1031.7 |  1007.4 |  1006.2 |  1015.1
     32 |  16384 |            NaN |    79.8 (P=14) |   997.9 |   495.6 |   339.4 |   255.2 |   208.0 |   169.7 |   147.5 |   130.6 |   116.6 |   106.2 |    99.6 |    89.7 |    82.9 |    79.7 |    95.4 |   141.4 |   132.3 |   126.3 |   119.5 |   115.5 |   113.2 |   102.2 |   105.3 |    99.8 |    98.7 |    89.1 |   100.7 |    92.6 |   103.0 |   101.0 |   103.4 |   112.1 |   118.4 |   118.4 |   111.3 |   118.6 |    98.1 |   101.1 |   109.1 |    98.7 |   112.0 |   103.5 |   115.1 |   110.2 |   106.4 |   109.4 |   118.6 |   114.2
     48 |  16384 |            NaN |    135.6 (P=8) |   965.5 |   483.3 |   325.3 |   250.1 |   202.4 |   177.3 |   156.2 |   131.5 |   205.6 |   209.7 |   198.5 |   186.3 |   172.4 |   164.9 |   159.1 |   150.3 |   144.4 |   145.0 |   181.1 |   172.1 |   165.7 |   152.7 |   154.0 |   143.2 |   146.4 |   154.1 |   152.3 |   154.6 |   160.5 |   160.9 |   160.1 |   159.2 |   148.6 |   147.0 |   149.6 |   152.7 |   167.7 |   166.6 |   165.3 |   168.4 |   168.9 |   167.9 |   167.6 |   169.8 |   171.1 |   171.2 |   171.8 |   171.0
     64 |  16384 |            NaN |    156.9 (P=7) |   962.6 |   484.7 |   330.1 |   249.2 |   199.9 |   168.6 |   151.0 |   238.8 |   236.5 |   212.5 |   201.0 |   187.4 |   173.9 |   167.2 |   180.8 |   216.2 |   203.6 |   193.6 |   186.4 |   170.6 |   169.9 |   178.0 |   177.7 |   190.3 |   189.5 |   177.0 |   178.3 |   177.5 |   183.0 |   182.9 |   183.2 |   182.4 |   185.0 |   190.9 |   189.7 |   191.3 |   199.3 |   201.2 |   199.7 |   200.3 |   199.5 |   197.0 |   199.1 |   200.3 |   200.8 |   195.1 |   194.1 |   194.4
     96 |  16384 |            NaN |    231.9 (P=9) |   963.1 |   492.7 |   337.6 |   256.8 |   393.4 |   347.5 |   305.3 |   276.6 |   245.8 |   316.1 |   303.7 |   268.0 |   249.9 |   240.1 |   250.2 |   281.5 |   267.7 |   255.6 |   244.3 |   281.3 |   282.3 |   267.2 |   268.2 |   249.7 |   268.6 |   265.1 |   269.1 |   276.6 |   268.4 |   271.1 |   270.3 |   269.4 |   266.1 |   266.7 |   266.6 |   265.3 |   263.9 |   277.5 |   271.3 |   272.0 |   271.5 |   276.5 |   290.0 |   299.9 |   295.6 |   293.7 |   280.6 |   278.1
    128 |  16384 |            NaN |    288.9 (P=7) |   970.6 |   487.5 |   342.9 |   491.8 |   414.2 |   350.0 |   298.6 |   379.8 |   358.5 |   314.0 |   338.7 |   352.7 |   323.4 |   310.4 |   319.9 |   348.3 |   345.0 |   321.4 |   360.1 |   343.7 |   342.9 |   336.0 |   347.3 |   336.5 |   333.3 |   345.0 |   343.4 |   344.9 |   342.0 |   341.0 |   353.8 |   353.6 |   368.0 |   368.5 |   369.0 |   369.1 |   361.8 |   352.2 |   351.8 |   351.9 |   352.7 |   349.3 |   365.0 |   373.1 |   381.2 |   381.7 |   381.6 |   384.6
    192 |  16384 |            NaN |    451.1 (P=7) |   979.1 |   490.7 |   653.1 |   498.5 |   603.7 |   517.8 |   450.4 |   517.0 |   470.3 |   508.6 |   477.6 |   486.4 |   482.2 |   464.7 |   484.5 |   498.8 |   477.9 |   511.9 |   481.6 |   488.3 |   486.6 |   485.8 |   486.2 |   479.2 |   493.6 |   519.0 |   523.1 |   518.9 |   513.4 |   504.7 |   504.2 |   506.7 |   511.4 |   527.9 |   531.7 |   534.5 |   550.9 |   546.2 |   537.5 |   545.8 |   545.8 |   549.3 |   576.5 |   588.6 |   589.6 |   589.0 |   585.5 |   572.7
    256 |  16384 |            NaN |    584.0 (P=7) |   980.7 |  1011.8 |   678.1 |   764.0 |   605.4 |   665.5 |   585.6 |   629.1 |   687.6 |   640.5 |   654.9 |   631.6 |   643.6 |   614.5 |   615.8 |   643.9 |   673.9 |   643.7 |   658.2 |   651.5 |   650.4 |   644.1 |   652.4 |   673.7 |   675.1 |   687.9 |   674.0 |   676.2 |   684.5 |   693.6 |   714.9 |   718.8 |   731.6 |   708.4 |   711.7 |   714.5 |   727.8 |   746.7 |   742.4 |   748.4 |   727.5 |   731.4 |   747.1 |   776.3 |   787.7 |   789.3 |   775.5 |   761.3
    384 |  16384 |            NaN |    879.2 (P=7) |  1027.9 |  1024.1 |  1015.3 |   989.3 |   990.2 |  1026.6 |   906.6 |   927.0 |   921.4 |   934.4 |   969.3 |   974.7 |   932.7 |   924.6 |   933.4 |   952.3 |   967.7 |   984.3 |   963.1 |   977.1 |  1000.5 |  1030.5 |  1024.8 |  1011.5 |  1015.0 |  1060.8 |  1063.8 |  1044.0 |  1047.4 |  1057.6 |  1090.0 |  1081.7 |  1068.3 |  1073.9 |  1109.6 |  1114.2 |  1091.7 |  1097.8 |  1121.8 |  1146.0 |  1141.3 |  1110.1 |  1133.1 |  1183.3 |  1186.6 |  1146.4 |  1152.3 |  1199.2
    512 |  16384 |            NaN |   1215.2 (P=7) |  1960.0 |  1522.0 |  1367.4 |  1255.6 |  1214.1 |  1234.0 |  1217.5 |  1249.2 |  1235.8 |  1270.5 |  1283.0 |  1242.4 |  1246.3 |  1288.1 |  1294.4 |  1255.1 |  1313.1 |  1318.7 |  1309.4 |  1312.7 |  1348.4 |  1380.1 |  1337.7 |  1361.9 |  1419.0 |  1417.9 |  1381.0 |  1440.1 |  1458.1 |  1408.3 |  1418.9 |  1460.8 |  1447.0 |  1453.6 |  1508.7 |  1500.7 |  1475.7 |  1541.2 |  1541.6 |  1504.5 |  1560.1 |  1564.5 |  1526.8 |  1575.8 |  1616.5 |  1556.1 |  1558.3 |  1614.6
     32 |  30000 |            NaN |   145.1 (P=14) |  1745.7 |   875.0 |   606.2 |   458.0 |   371.9 |   318.4 |   268.0 |   234.8 |   208.2 |   185.9 |   172.1 |   161.6 |   150.1 |   139.5 |   214.2 |   234.7 |   221.7 |   215.4 |   200.8 |   194.8 |   193.3 |   186.8 |   180.6 |   173.9 |   167.2 |   166.6 |   157.6 |   154.0 |   154.3 |   206.7 |   207.8 |   195.0 |   193.3 |   186.3 |   181.3 |   179.5 |   169.6 |   169.7 |   170.0 |   159.4 |   160.8 |   157.7 |   170.0 |   169.8 |   170.0 |   170.4 |   178.2 |   176.9
     48 |  30000 |            NaN |   230.6 (P=17) |  1806.2 |   901.1 |   589.5 |   444.2 |   358.3 |   299.1 |   262.6 |   235.2 |   368.1 |   374.3 |   346.6 |   323.2 |   296.7 |   272.9 |   261.3 |   240.6 |   224.3 |   255.5 |   293.0 |   283.7 |   275.6 |   265.4 |   253.9 |   243.8 |   239.3 |   240.6 |   293.3 |   282.5 |   281.1 |   270.8 |   270.8 |   254.7 |   255.6 |   243.3 |   237.2 |   236.9 |   268.9 |   269.4 |   269.0 |   254.4 |   254.7 |   256.4 |   261.0 |   265.2 |   265.3 |   265.3 |   272.6 |   270.7
     64 |  30000 |            NaN |    271.5 (P=7) |  1759.7 |   876.3 |   593.9 |   461.8 |   372.2 |   321.5 |   270.6 |   458.6 |   422.1 |   367.2 |   337.1 |   317.1 |   291.0 |   268.5 |   341.3 |   358.5 |   338.1 |   328.4 |   310.3 |   304.6 |   285.2 |   304.6 |   353.0 |   330.5 |   311.7 |   315.5 |   293.9 |   283.4 |   282.9 |   330.2 |   328.3 |   313.8 |   320.0 |   312.9 |   301.5 |   302.3 |   341.2 |   340.1 |   342.3 |   311.7 |   307.9 |   308.4 |   314.9 |   307.7 |   315.4 |   311.5 |   307.5 |   318.2
     96 |  30000 |            NaN |   416.2 (P=14) |  1819.4 |   895.1 |   598.9 |   449.3 |   721.6 |   631.2 |   547.8 |   474.1 |   431.3 |   552.4 |   504.6 |   473.8 |   441.9 |   408.3 |   491.6 |   486.9 |   463.6 |   449.7 |   480.6 |   487.9 |   464.0 |   449.3 |   431.1 |   422.9 |   468.4 |   480.2 |   462.3 |   440.3 |   440.6 |   475.6 |   465.7 |   441.6 |   442.6 |   448.5 |   450.5 |   463.4 |   459.5 |   461.1 |   458.4 |   478.7 |   471.9 |   459.5 |   455.3 |   458.3 |   456.8 |   460.3 |   462.6 |   459.1
    128 |  30000 |            NaN |    544.9 (P=7) |  1794.8 |   884.0 |   593.5 |   908.5 |   747.5 |   623.0 |   529.0 |   673.2 |   613.2 |   552.9 |   667.2 |   640.8 |   598.2 |   557.9 |   596.2 |   591.5 |   552.4 |   537.5 |   609.1 |   596.9 |   574.2 |   585.9 |   609.7 |   567.9 |   595.4 |   593.9 |   591.2 |   593.1 |   589.9 |   621.4 |   614.1 |   571.7 |   572.2 |   591.3 |   598.5 |   617.5 |   628.7 |   633.0 |   633.9 |   618.5 |   617.0 |   618.1 |   620.6 |   637.5 |   641.5 |   641.4 |   632.8 |   627.0
    192 |  30000 |            NaN |    793.4 (P=7) |  1847.4 |   920.4 |  1185.8 |   894.8 |  1058.3 |   929.7 |   808.4 |   914.0 |   814.4 |   886.2 |   862.9 |   894.9 |   892.4 |   800.1 |   847.9 |   827.0 |   882.9 |   881.5 |   890.4 |   857.4 |   827.9 |   860.5 |   872.9 |   855.9 |   851.1 |   849.1 |   876.2 |   869.7 |   870.0 |   890.5 |   865.3 |   872.6 |   880.3 |   899.4 |   905.3 |   879.1 |   886.7 |   891.6 |   919.5 |   918.6 |   915.2 |   892.4 |   913.7 |   938.6 |   944.1 |   946.3 |   909.7 |   909.5
    256 |  30000 |            NaN |   1075.9 (P=7) |  1834.0 |  1762.3 |  1206.8 |  1368.8 |  1121.7 |  1211.5 |  1059.4 |  1181.7 |  1233.7 |  1121.5 |  1185.7 |  1139.6 |  1170.6 |  1085.6 |  1118.9 |  1178.2 |  1153.4 |  1096.8 |  1109.8 |  1176.3 |  1171.8 |  1136.1 |  1127.9 |  1168.5 |  1207.5 |  1206.8 |  1141.8 |  1154.3 |  1195.8 |  1210.4 |  1161.9 |  1156.8 |  1207.8 |  1224.8 |  1190.7 |  1192.9 |  1237.8 |  1232.7 |  1196.4 |  1217.1 |  1260.7 |  1253.9 |  1223.9 |  1242.1 |  1279.4 |  1262.3 |  1224.3 |  1257.3
    384 |  30000 |            NaN |   1638.7 (P=7) |  1803.9 |  1841.5 |  1841.2 |  1780.9 |  1848.2 |  1803.0 |  1566.5 |  1651.1 |  1636.2 |  1644.8 |  1728.6 |  1669.1 |  1673.6 |  1665.5 |  1636.6 |  1649.8 |  1722.3 |  1638.9 |  1721.1 |  1701.9 |  1663.6 |  1722.9 |  1744.3 |  1693.5 |  1768.0 |  1782.5 |  1740.6 |  1843.2 |  1799.4 |  1829.9 |  1810.4 |  1722.4 |  1799.0 |  1808.0 |  1735.8 |  1825.6 |  1766.5 |  1769.1 |  1835.6 |  1773.0 |  1847.6 |  1852.2 |  1776.7 |  1881.0 |  1850.0 |  1804.9 |  1919.4 |  1812.5
    512 |  30000 |            NaN |   2159.5 (P=7) |  3549.2 |  2754.6 |  2364.0 |  2318.0 |  2138.9 |  2195.0 |  2084.5 |  2327.4 |  2216.7 |  2252.7 |  2211.5 |  2195.2 |  2238.0 |  2154.6 |  2223.0 |  2182.2 |  2310.2 |  2168.9 |  2304.0 |  2194.5 |  2306.8 |  2218.3 |  2320.0 |  2319.9 |  2252.9 |  2355.1 |  2250.0 |  2370.1 |  2270.2 |  2403.3 |  2290.3 |  2412.1 |  2311.1 |  2431.4 |  2327.7 |  2456.4 |  2346.4 |  2460.5 |  2379.7 |  2481.1 |  2388.7 |  2494.3 |  2411.7 |  2524.2 |  2405.5 |  2521.3 |  2445.8 |  2562.5
     32 |  60000 |            NaN |   258.4 (P=14) |  3594.5 |  1730.1 |  1147.7 |   911.8 |   732.8 |   607.4 |   512.6 |   440.2 |   394.5 |   355.5 |   327.5 |   299.5 |   278.2 |   271.1 |   470.0 |   466.9 |   453.8 |   423.9 |   402.5 |   368.4 |   344.7 |   330.1 |   316.5 |   310.0 |   296.1 |   289.0 |   289.8 |   284.2 |   320.1 |   388.2 |   384.0 |   372.4 |   356.3 |   336.1 |   317.3 |   319.2 |   308.9 |   299.1 |   299.7 |   290.2 |   279.9 |   295.2 |   311.1 |   315.9 |   355.3 |   355.5 |   345.1 |   329.3
     48 |  60000 |            NaN |   443.3 (P=17) |  3473.6 |  1791.0 |  1156.2 |   875.9 |   739.4 |   623.7 |   533.4 |   458.4 |   742.0 |   705.5 |   648.4 |   626.2 |   587.2 |   529.2 |   501.2 |   467.0 |   427.1 |   545.7 |   566.5 |   529.0 |   532.2 |   519.8 |   493.7 |   482.8 |   466.4 |   439.0 |   532.5 |   524.0 |   511.8 |   494.7 |   505.0 |   487.7 |   473.3 |   466.3 |   549.5 |   522.1 |   530.6 |   514.3 |   510.4 |   501.4 |   496.4 |   497.6 |   509.0 |   511.3 |   532.3 |   526.2 |   505.0 |   501.2
     64 |  60000 |            NaN |    535.3 (P=7) |  3717.8 |  1826.2 |  1261.3 |   955.0 |   742.6 |   620.6 |   541.6 |   944.5 |   863.7 |   778.7 |   691.2 |   631.3 |   587.3 |   559.3 |   767.9 |   743.8 |   706.0 |   645.1 |   610.2 |   576.9 |   555.7 |   691.4 |   696.3 |   679.1 |   646.9 |   612.8 |   584.6 |   566.9 |   607.6 |   690.0 |   671.1 |   645.4 |   623.1 |   588.4 |   571.4 |   572.8 |   665.8 |   655.1 |   658.5 |   659.3 |   619.2 |   597.8 |   614.4 |   598.9 |   641.1 |   643.2 |   647.1 |   636.7
     96 |  60000 |            NaN |   825.0 (P=14) |  3752.6 |  1827.0 |  1231.9 |   957.7 |  1495.6 |  1227.7 |  1056.6 |   967.0 |   859.9 |  1119.8 |  1021.4 |   945.4 |   905.7 |   845.2 |   987.3 |   944.1 |   898.6 |   884.3 |   948.0 |   969.9 |   910.1 |   871.2 |   863.9 |   849.0 |   957.2 |   905.3 |   862.0 |   842.4 |   900.2 |   949.7 |   902.3 |   866.0 |   841.9 |   896.1 |   926.4 |   923.0 |   861.1 |   850.2 |   864.4 |   930.5 |   896.2 |   879.2 |   873.3 |   873.3 |   910.4 |   909.6 |   879.3 |   852.5
    128 |  60000 |            NaN |   1056.3 (P=7) |  3718.6 |  1828.0 |  1262.4 |  1877.1 |  1459.5 |  1276.5 |  1106.3 |  1372.1 |  1241.3 |  1150.7 |  1343.4 |  1239.5 |  1169.0 |  1131.1 |  1285.4 |  1168.0 |  1121.0 |  1202.9 |  1243.2 |  1129.3 |  1089.6 |  1243.4 |  1221.3 |  1151.3 |  1164.4 |  1255.3 |  1196.7 |  1131.9 |  1152.5 |  1236.2 |  1205.3 |  1131.5 |  1199.7 |  1203.5 |  1177.4 |  1141.2 |  1194.6 |  1188.5 |  1197.5 |  1210.9 |  1167.7 |  1188.2 |  1210.1 |  1190.6 |  1162.7 |  1184.9 |  1227.9 |  1224.1
    192 |  60000 |            NaN |   1584.4 (P=7) |  3743.3 |  1825.9 |  2510.9 |  1836.4 |  2284.7 |  1851.6 |  1660.1 |  1927.9 |  1673.3 |  1944.6 |  1763.3 |  1837.8 |  1820.5 |  1645.7 |  1764.9 |  1725.2 |  1721.5 |  1766.6 |  1792.5 |  1720.9 |  1714.0 |  1810.9 |  1756.8 |  1788.1 |  1730.2 |  1749.9 |  1875.9 |  1755.5 |  1799.9 |  1791.4 |  1673.0 |  1808.2 |  1730.8 |  1739.2 |  1735.8 |  1690.7 |  1745.0 |  1760.4 |  1715.4 |  1779.7 |  1799.6 |  1744.6 |  1794.7 |  1777.9 |  1746.0 |  1804.8 |  1724.5 |  1726.1
    256 |  60000 |            NaN |   2176.8 (P=7) |  3642.0 |  3664.4 |  2533.6 |  2751.0 |  2294.2 |  2445.2 |  2200.9 |  2299.1 |  2533.0 |  2241.8 |  2434.6 |  2194.5 |  2374.6 |  2170.0 |  2330.1 |  2331.7 |  2312.3 |  2229.8 |  2267.1 |  2273.8 |  2221.7 |  2302.6 |  2168.9 |  2275.4 |  2257.5 |  2334.3 |  2278.1 |  2329.7 |  2277.9 |  2358.2 |  2269.7 |  2360.0 |  2311.6 |  2334.3 |  2265.9 |  2351.0 |  2302.7 |  2364.4 |  2300.2 |  2386.9 |  2345.5 |  2366.4 |  2362.7 |  2336.6 |  2377.1 |  2320.0 |  2410.1 |  2340.1
    384 |  60000 |            NaN |   3276.5 (P=7) |  3786.4 |  3752.6 |  3736.7 |  3713.2 |  3817.4 |  3808.8 |  3216.3 |  3345.1 |  3409.3 |  3351.5 |  3379.4 |  3501.7 |  3491.4 |  3274.1 |  3396.8 |  3475.6 |  3377.7 |  3415.2 |  3489.5 |  3307.9 |  3325.1 |  3459.3 |  3471.4 |  3318.5 |  3464.9 |  3443.9 |  3317.8 |  3397.8 |  3469.7 |  3356.1 |  3407.5 |  3533.1 |  3571.8 |  3445.9 |  3490.4 |  3544.2 |  3443.3 |  3450.3 |  3526.8 |  3559.3 |  3443.0 |  3459.7 |  3565.8 |  3534.1 |  3531.3 |  3638.3 |  3641.1 |  3550.1
    512 |  60000 |            NaN |   4381.4 (P=7) |  7441.3 |  5631.8 |  4977.5 |  4676.7 |  4494.3 |  4364.8 |  4334.5 |  4735.0 |  4682.3 |  4557.1 |  4510.5 |  4460.1 |  4473.5 |  4369.1 |  4296.0 |  4500.9 |  4514.6 |  4495.0 |  4472.1 |  4523.1 |  4558.7 |  4530.7 |  4448.4 |  4567.2 |  4514.4 |  4515.5 |  4470.8 |  4552.3 |  4465.9 |  4525.5 |  4544.0 |  4629.4 |  4684.1 |  4641.5 |  4771.2 |  4780.0 |  4718.3 |  4709.7 |  4721.9 |  4758.5 |  4793.5 |  4849.2 |  4956.8 |  4844.5 |  4968.0 |  4916.0 |  4814.4 |  4791.5
